1473
-83.9932  71.9273  7.01471
-85.7587  75.3519  4.94874
-91.1752  82.6294  4.59873
-89.4106  81.4633  11.0065
-83.6952  74.8223  10.562
-20.2206  -21.3466  10.4622
-28.888  -20.3311  13.5607
-33.098  -11.1877  18.4101
-24.2017  -9.66548  16.3948
-40.1156  -22.4376  16.1475
-42.4374  -12.3292  19.729
-50.1473  -25.4059  17.2902
-57.8473  -28.3297  16.3542
-58.2869  -19.0114  19.171
-50.1163  -16.8192  19.5919
-66.0837  -30.2201  15.8567
-66.3042  -21.1072  18.4236
-72.6895  -31.5096  15.3289
-73.207  -23.3268  17.5812
-105.075  -40.1238  11.0949
-107.706  -34.3973  12.5
-97.3112  -30.5763  14.9029
-98.6881  -36.6572  13.457
-30.8937  -0.729268  18.8522
-40.0493  4.94694  18.4559
-40.1249  8.27586  18.7747
-31.3277  5.61916  19.4773
-45.1102  -5.43203  19.1536
-50.1662  -1.72845  17.2145
-45.3665  1.5987  17.7141
-38.5465  -3.53172  19.3599
-58.2958  -3.45783  15.5006
-56.024  1.26314  14.7491
-54.327  -4.5011  17.0028
-73.942  -14.4192  15.8675
-75.4155  -6.17658  12.9165
-69.2994  -4.06649  13.2463
-66.4882  -10.9267  16.2656
-97.035  -24.0902  14.2531
-107.064  -27.6775  9.60819
-106.548  -21.249  10.3763
-97.2713  -18.0983  13.4999
-79.5858  12.164  8.22261
-76.609  6.23035  9.18633
-81.6022  5.45675  9.11304
-84.3709  11.1091  8.3214
-115.687  -6.82683  4.42721
-115.083  0.142349  6.64812
-107.855  3.96501  9.08281
-104.26  -2.95714  9.4311
-83.2558  18.5237  8.02989
-87.4944  17.55  8.27209
-91.3769  25.4965  8.77717
-87.2902  26.2857  8.47631
-116.199  10.343  7.51179
-107.326  11.0208  9.26577
-95.0783  41.5765  7.14012
-91.5981  34.7706  8.74831
-95.4231  33.975  8.87963
-98.7874  40.8045  6.78863
-115.918  32.9533  8.04349
-111.343  34.5179  8.34202
-110.91  27.4033  8.35807
-117.988  26.0467  6.51962
-78.2821  -32.6815  15.0018
-81.2027  -31.3438  16.1629
-81.4215  -25.9853  16.5247
-78.2975  -25.0315  16.7296
-79.4652  -16.959  15.4378
-82.6105  -18.2815  15.1655
-84.1848  -9.99783  12.5178
-80.2678  -10.1441  13.1651
-89.3413  2.78314  9.15828
-92.4658  8.64058  8.57128
-88.9865  9.65934  8.51107
-86.1663  3.84084  9.13191
-96.2547  15.6201  8.66895
-100.016  23.987  9.13432
-96.3283  24.5334  9.09986
-92.3759  16.3989  8.60101
-65.9829  2.91054  11.6716
-64.047  6.74636  11.2977
-60.7903  3.84006  12.7203
-61.9423  -0.21002  13.4609
-62.1631  10.7254  11.4461
-58.2118  7.12049  12.9621
-54.6586  12.9262  14.3619
-55.9103  10.5439  13.5747
-60.8258  14.3903  12.0921
-60.1827  16.829  12.9826
-92.6973  42.1439  7.50013
-90.1356  42.8298  7.97942
-86.288  35.3582  9.37073
-89.2867  35.2595  8.80475
-85.0227  26.6141  8.53642
-81.5645  25.4865  8.92393
-78.3404  17.9163  8.34205
-81.0248  18.9037  8.0739
-73.9565  10.6571  8.73566
-75.1634  8.85117  8.75746
-77.6758  13.554  8.15237
-76.3007  13.8505  8.31742
-63.5524  -4.78739  14.6509
-67.5141  -0.341102  12.2605
-93.5125  2.15214  9.18168
-98.3727  7.47558  8.98271
-87.0802  -20.3508  15.2448
-88.8618  -12.9232  13.147
-86.1315  -34.674  14.4855
-86.1947  -27.5709  16.3825
-57.8835  -9.6634  17.7765
-50.7387  -8.60161  18.9077
-111.02  19.7829  8.33817
-119.078  20.0515  5.2763
-68.4008  10.1023  9.8763
-70.1168  6.4811  10.0586
-73.1573  14.1078  8.90924
-74.0124  19.4191  9.38967
-67.2376  14.3522  10.1765
-74.2224  24.5363  10.2669
-66.6769  18.3173  10.8595
-73.9594  29.2876  11.325
-66.3184  21.2091  11.7706
-52.2121  5.05327  15.1784
-49.2083  8.17466  15.9173
-47.6408  10.3325  16.7229
-71.4884  4.03597  10.3741
-73.1836  0.686778  11.1166
-78.3727  0.521371  10.4939
-82.7622  -2.83535  10.8328
-86.5038  -2.52369  10.3328
-91.0401  -4.61338  10.8535
-100.946  -11.4263  11.7675
-110.838  -13.134  8.18723
-100.213  33.0273  9.06136
-103.814  40.4087  6.37766
-85.2016  43.7707  9.29528
-81.2808  37.4155  10.7334
-18.6784  -26.015  2.64249
-26.7025  -25.7144  5.05276
-37.0721  -28.1393  7.3901
-48.7136  -31.0253  9.6482
-59.1985  -34.0375  9.37585
-67.4127  -35.5611  9.57437
-73.6089  -36.3802  10.354
-80.5992  -38.1414  9.23905
-95.6565  -40.7865  8.08494
-104.112  -43.0441  7.03351
-15.1949  -26.2687  -3.85959
-25.1862  -25.7331  -4.23197
-36.0373  -28.3375  -1.84412
-46.7056  -31.41  -0.0837963
-56.502  -33.9791  1.14435
-65.432  -35.8399  2.03588
-73.9198  -37.5379  3.31433
-95.2537  -41.0889  0.0521442
-102.313  -42.9687  1.67517
-83.7818  -39.5519  3.29207
-16.4377  -23.21  -10.1371
-26.3708  -21.6041  -11.5213
-35.9376  -24.6774  -9.33362
-46.1644  -27.6792  -7.95895
-55.7835  -30.3408  -6.57168
-64.6468  -32.5528  -5.33849
-73.0011  -34.3647  -4.1545
-96.9944  -38.1095  -5.13357
-102.906  -40.0066  -4.06778
-83.8838  -36.776  -3.19687
-16.6618  -17.7257  -15.4748
-18.2039  -9.27654  -19.4562
-28.7445  -9.57569  -19.6525
-27.1433  -15.6138  -16.4309
-36.6752  -12.5733  -18.2283
-36.2806  -19.0175  -14.5955
-45.9055  -15.3935  -17.043
-46.0276  -21.8969  -13.4907
-55.1833  -17.9037  -16.0374
-64.4539  -20.1006  -14.914
-64.4978  -26.654  -11.089
-55.4108  -24.4042  -12.4348
-74.4716  -22.7976  -13.1774
-71.9258  -29.1475  -9.51604
-95.5649  -32.5376  -7.99564
-94.9401  -26.1625  -10.4097
-104.809  -28.6224  -7.4384
-103.831  -34.9151  -7.55942
-82.0168  -29.7649  -9.11965
-85.4817  -23.6013  -12.2958
-92.3016  -12.8628  -17.8274
-102.659  -14.3696  -15.6764
-104.536  -22.2671  -10.5203
-94.3315  -19.6811  -13.9123
-86.4636  -5.33386  -20.0383
-97.0422  -6.78659  -17.8808
-82.9759  -11.9081  -18.9864
-17.767  9.33986  -23.2404
-28.4935  9.9113  -24.7037
-28.3589  5.96995  -24.5099
-22.5522  7.2426  -24.2462
-37.0668  8.51027  -25.1235
-36.8319  3.98761  -24.5629
-45.8238  7.08236  -25.0846
-45.6982  2.13775  -24.1915
-54.612  6.06326  -24.6629
-63.7305  5.32609  -24.1661
-63.955  -0.876488  -23.0004
-54.6884  0.600905  -23.6564
-73.6801  4.40355  -23.317
-74.0191  -2.61398  -22.0223
-97.7644  0.965227  -19.3101
-108.833  0.301453  -15.2272
-105.173  -5.6873  -15.3185
-85.6531  3.08899  -21.8859
-18.4873  15.7945  -22.7645
-28.4914  14.5184  -24.3398
-37.3213  13.5957  -24.9506
-46.0483  12.4701  -25.2639
-53.5802  11.0416  -25.3796
-62.7931  11.7664  -25.1067
-71.9311  9.84363  -24.7268
-94.3443  9.07059  -22.5176
-104.476  8.50002  -20.1092
-82.8513  9.78752  -23.5622
-20.2573  20.8976  -22.2195
-28.3276  20.5253  -22.9333
-37.4119  19.5656  -23.7351
-46.3216  18.6862  -24.1292
-54.9434  16.5383  -24.5898
-62.9126  18.4643  -24.0346
-72.8979  16.5526  -23.9033
-97.1652  16.539  -20.2002
-108.578  17.0008  -15.9653
-86.0384  16.5567  -22.3876
-22.6736  24.267  -21.0774
-22.1081  28.6754  -18.4848
-28.2586  31.6341  -17.3622
-29.4123  26.7936  -20.304
-34.8511  32.8644  -17.6212
-37.0768  26.3911  -21.2879
-44.6939  35.5411  -17.809
-46.2452  26.146  -21.9295
-55.4475  24.0836  -22.7743
-55.81  32.5959  -20.2405
-65.8874  34.5533  -19.7475
-64.7638  25.6601  -22.3704
-76.7233  34.5513  -19.2738
-75.203  25.5917  -21.8789
-99.0498  26.0959  -18.1741
-97.6989  34.9133  -17.4096
-106.627  33.6828  -16.3374
-111.104  25.4107  -14.1298
-88.6087  34.2108  -18.171
-87.2556  25.4473  -20.4418
-19.6183  41.8686  -6.97041
-27.0069  47.3387  -5.44696
-27.425  44.7689  -8.74333
-21.8241  40.6262  -10.8115
-33.2331  52.371  -5.09298
-34.1338  50.4345  -7.27332
-35.6736  41.3393  -13.001
-44.1719  49.0307  -10.7666
-56.4072  42.9113  -15.3665
-68.1196  43.7778  -14.9449
-101.177  40.7647  -12.1218
-109.349  40.4377  -12.2197
-91.7589  41.6439  -12.7782
-79.8023  42.8091  -14.1163
-70.8016  37.6949  15.4104
-76.1863  38.0354  12.6597
-80.0484  44.4866  11.4503
-71.9124  44.2338  15.7798
-53.8536  15.2439  15.8528
-46.4305  13.145  18.5438
-59.703  19.7386  14.8817
-37.7855  10.8719  20.3951
-29.6917  9.89572  20.5713
-70.9111  31.471  13.47
-65.7845  24.5039  13.5048
-52.2671  20.8006  19.7079
-43.904  19.1475  22.4274
-58.4464  26.0531  18.7003
-34.8241  16.617  22.9876
-27.4167  14.9083  21.6848
-68.1989  33.6303  15.8117
-49.7351  30.3729  23.7278
-39.7081  27.3555  25.2443
-57.8824  34.8235  21.5933
-30.0936  24.1978  24.074
-23.8646  20.2557  21.3245
-44.4786  39.5532  25.4931
-35.0667  35.8818  25.4153
-65.0211  37.3689  18.6351
-62.3082  44.316  20.7484
-53.3209  42.56  23.8439
-26.3638  33.2005  22.8785
-22.3898  27.6632  20.7831
-109.394  -39.7835  11.5303
-112.284  -36.4454  11.5196
-113.581  -31.7479  8.43692
-107.729  -43.5625  7.72728
-105.885  -44.3189  2.57722
-107.193  -42.5424  -3.07221
-110.461  -33.8329  -6.22941
-107.871  -38.1867  -6.58763
-112.663  -42.1335  10.5694
-115.934  -37.3744  11.0127
-119.477  -33.6171  7.45462
-111.503  -45.7243  6.43735
-109.241  -45.4591  1.71637
-111.679  -44.6929  -3.0704
-115.632  -36.3489  -5.45209
-112.575  -40.4683  -6.03316
-118.949  -43.7423  11.2266
-122.303  -40.0291  11.3396
-125.993  -36.7046  8.52185
-118.386  -48.0162  7.47134
-116.321  -48.1694  1.17824
-117.682  -46.0266  -4.1975
-121.323  -38.919  -4.95654
-118.499  -42.0323  -6.06444
-125.341  -46.8761  10.6101
-127.977  -42.1471  11.0049
-130.723  -39.5718  8.96515
-124.754  -51.5207  6.83954
-127.212  -51.9051  -1.71215
-126.556  -53.4113  3.21798
-123.141  -51.5823  2.0482
-123.418  -49.4242  -2.87268
-127.362  -41.6375  -4.36093
-123.78  -45.1292  -5.30185
-113.508  -28.6966  2.08084
-116.905  -30.8527  2.28102
-120.591  -32.4442  1.80365
-125.358  -34.502  3.27957
-131.254  -37.3346  4.29922
-114.383  -31.507  -2.48257
-110.113  -29.0699  -3.06602
-118.334  -33.6134  -2.13167
-123.897  -35.8689  -1.47424
-129.858  -38.2618  -0.720855
-128.081  -49.9908  9.5423
-130.674  -44.4846  10.5622
-133.128  -39.8112  7.46844
-126.783  -52.764  6.81026
-133.801  -38.294  3.78877
-131.813  -49.5172  10.4362
-133.172  -45.6951  10.9419
-135.108  -42.5232  9.11924
-129.877  -53.4978  6.961
-135.117  -56.2846  1.17591
-135.816  -56.4096  5.44686
-130.216  -54.5921  2.04487
-131.517  -52.777  -2.44917
-136.85  -54.8583  -2.41448
-128.774  -47.8676  -4.72072
-132.048  -43.1246  -3.78669
-136.004  -44.812  -3.77239
-134.178  -49.1769  -4.62685
-136.117  -39.9692  4.19932
-133.399  -39.2694  0.378339
-136.271  -41.5166  -0.665479
-137.059  -53.6426  9.26969
-138.667  -48.5026  10.4275
-141.87  -44.5314  7.5263
-141.155  -42.4247  2.84657
-143.534  -54.1467  9.40339
-144.994  -49.9675  9.5443
-147.615  -47.4983  7.24111
-141.801  -57.74  6.73096
-141.103  -58.4693  1.63109
-141.365  -56.2575  -2.87371
-140.01  -48.1833  -4.26095
-145.329  -49.4165  -3.87376
-143.17  -53.2609  -4.46271
-138.904  -52.2338  -4.44483
-147.022  -45.2626  2.82591
-141.982  -44.6538  -1.25849
-147.529  -46.9084  -1.38711
-145.6  -56.8816  8.19693
-147.772  -51.9252  9.09999
-149.888  -48.1426  6.86719
-144.09  -59.4459  5.3136
-144.992  -60.0252  1.70195
-144.461  -57.7123  -2.33753
-148.833  -50.5481  -3.66582
-146.705  -54.4275  -4.29709
-150.038  -46.4678  3.86934
-150.585  -47.5155  -0.353428
-149  -56.3368  9.13223
-150.117  -52.8109  9.57146
-151.674  -49.9493  8.04951
-147.8  -60.3453  5.91087
-148.183  -61.1866  1.62127
-148.188  -58.7422  -2.09423
-151.988  -51.5128  -3.20972
-149.706  -54.8262  -4.0575
-152.805  -47.6921  3.74887
-154.271  -49.0352  -0.640794
-153.821  -59.8982  8.75435
-155.52  -54.8645  9.48188
-156.575  -50.5636  7.05341
-153.681  -62.6283  6.01123
-152.546  -62.8842  2.85627
-152.497  -61.3867  -0.756005
-156.474  -52.5798  -2.73307
-153.23  -56.7008  -3.28463
-158.81  -50.0255  2.77168
-158.796  -50.8673  -0.972585
-160.044  -60.2707  9.09392
-161.462  -57.0021  9.56096
-162.182  -53.6391  7.28382
-159.183  -63.4267  6.34253
-157.626  -64.4435  3.08914
-156.995  -63.6688  0.181733
-159.114  -56.3659  -2.65936
-160.604  -56.5519  -2.34848
-159.591  -58.6694  -1.89484
-157.429  -57.5951  -2.58262
-164.395  -52.8094  3.10097
-163.025  -52.4076  0.0189468
-161.458  -53.7341  -2.16915
-167.519  -56.0319  2.87753
-166.311  -55.7819  5.45162
-164.867  -58.6152  7.65981
-167.24  -60.0732  4.78195
-163.998  -62.3024  7.08624
-164.777  -63.7541  4.75272
-167.371  -60.4519  1.60406
-165.783  -61.6936  -0.734727
-165.967  -56.3802  -1.00718
-166.741  -55.1197  0.709874
-163.435  -64.6802  2.5335
-162.058  -64.8361  0.725488
-112.944  -25.9614  3.60053
-110.47  -26.3064  -2.81906
-161.399  -61.7528  -0.623158
-158.136  -61.0183  -1.13535
-163.392  -59.5265  -1.10954
-157.509  -55.0439  -3.07612
-155.027  -57.471  -3.29439
-161.303  -55.2685  -2.36645
-165.2  -61.141  -1.85213
-164.858  -57.5491  -1.75967
-162.466  -63.5984  -0.407666
-157.927  -62.8255  -0.739655
-155.066  -60.6693  -1.89447
-158.608  -55.7993  -2.67393
-156.223  -57.9598  -2.65347
-160.969  -55.9239  -2.18901
-164.202  -60.8681  -1.10485
-163.806  -57.3879  -1.29864
-161.451  -63.0014  -0.227067
-158.442  -62.2006  -0.569861
-156.425  -60.8924  -1.40819
-156.854  -59.5673  -1.9238
-162.637  -57.2682  -1.59993
-115.753  39.9633  5.24366
-109.473  40.3497  5.76889
-73.7553  -9.16018  -20.5849
-64.0014  -7.06412  -21.6714
-54.7428  -5.0003  -22.2952
-45.6268  -2.94302  -22.7878
-36.6147  -0.835864  -23.3821
-27.8284  1.42876  -23.7389
-19.553  3.90098  -23.4683
-114.351  -21.0276  5.55732
-116.878  -14.4063  5.09598
-120.18  -9.26632  1.60627
-116.368  -25.5046  0.414298
-112.449  -24.7217  -6.80902
-110.864  -22.2235  -11.7731
-112.651  -11.7595  -13.9348
-111.061  -18.4199  -14.5975
-120.595  -20.8564  4.83891
-122.308  -13.9953  4.70832
-124.275  -9.25866  1.09901
-122.225  -26.009  0.127839
-119.747  -25.6219  -6.34576
-117.675  -22.1597  -12.605
-117.915  -17.3484  -15.0873
-120.374  -12.8904  -13.6008
-126.211  -23.3537  4.43606
-127.9  -17.8845  5.90594
-129.309  -11.4609  2.9249
-127.653  -26.6855  0.304456
-126.873  -26.8076  -6.16476
-125.072  -23.4042  -12.3206
-126.474  -13.7944  -13.3603
-123.64  -18.6048  -14.8101
-134.691  -24.1624  3.49265
-137.421  -18.0608  4.92574
-138.972  -12.8562  2.26951
-133.369  -27.9119  -1.92006
-140.668  -26.6156  -11.5087
-141.076  -29.0721  -6.82454
-135.346  -28.0213  -7.23541
-133.522  -24.69  -12.1966
-134.816  -14.7543  -13.1151
-131.753  -19.654  -14.4857
-123.733  -7.01161  -3.90963
-120.912  -5.57766  -3.41994
-127.143  -7.72209  -3.55943
-132.877  -8.83236  -3.12133
-140.53  -10.3121  -3.45596
-118.666  -7.76224  -9.53309
-113.615  -5.1594  -9.8215
-123.307  -8.74329  -9.34783
-129.024  -9.62845  -8.86075
-137.187  -10.8234  -8.7741
-141.513  -23.4177  3.54995
-142.261  -17.9596  4.11638
-144.056  -13.5197  1.12061
-139.905  -28.0818  -1.35528
-144.037  -10.6874  -3.82048
-146.805  -25.1869  2.14419
-145.944  -19.3497  3.55588
-149.154  -15.2159  1.68297
-146.784  -29.0132  -2.52311
-156.592  -29.3388  -9.29578
-156.754  -29.8977  -3.96065
-147.15  -29.1692  -7.97379
-147.881  -26.3145  -12.5412
-156.826  -26.172  -13.3499
-141.317  -20.9514  -14.1573
-142.474  -14.7426  -12.5677
-149.982  -17.3188  -13.6673
-149.561  -22.4397  -14.5013
-148.63  -11.9409  -3.62211
-143.479  -11.323  -8.00758
-149.367  -13.0435  -9.58258
-157.859  -26.6928  1.02438
-155.279  -20.6501  2.77388
-158.19  -15.9377  0.272918
-159.699  -13.6766  -5.28147
-166.138  -26.4319  1.18971
-164.45  -21.7012  1.94996
-166.639  -17.2333  -0.493488
-164.915  -29.7001  -2.12078
-164.831  -30.543  -7.62605
-163.474  -28.2009  -12.1307
-159.17  -18.5207  -13.9315
-166.145  -18.6433  -13.3675
-164.184  -23.7157  -14.3123
-156.456  -21.8713  -14.769
-168.749  -14.9589  -5.12552
-158.759  -15.0571  -10.8733
-167.118  -15.3446  -9.75187
-169.463  -27.2973  0.314481
-169.166  -22.2513  1.39155
-171.299  -17.9438  -0.694827
-169.157  -30.5949  -3.48237
-169.586  -31.2892  -7.7175
-169.056  -28.6885  -11.9487
-172.154  -18.2517  -12.6769
-171.509  -23.5621  -14.1885
-172.884  -15.5797  -4.5719
-172.641  -15.4915  -8.90826
-175.291  -28.4985  -0.291829
-173.516  -22.8312  1.14265
-175.846  -18.3086  -0.960662
-174.403  -31.7175  -4.65659
-174.609  -31.4059  -9.17833
-175.176  -28.2417  -12.8296
-176.45  -20.5043  -13.5979
-175.88  -24.4687  -14.3427
-176.737  -15.9038  -5.60421
-177.499  -16.7002  -10.4161
-184.794  -29.3708  -0.240578
-182.097  -23.2573  0.614768
-183.386  -18.0977  -2.20263
-182.392  -32.1855  -3.42721
-181.958  -32.7056  -7.63882
-181.833  -30.4985  -11.2569
-182.525  -19.555  -12.6533
-180.452  -24.9533  -13.5181
-183.934  -16.3085  -6.86006
-184.724  -17.0692  -10.3294
-190.73  -29.5714  -0.405778
-191.318  -25.2083  0.223418
-190.157  -20.2793  -1.18686
-190.532  -32.1799  -3.4873
-189.24  -33.2579  -7.25515
-188.776  -32.3431  -10.1348
-186.233  -23.5907  -12.2833
-189.64  -22.538  -11.7972
-189.475  -25.8206  -11.8374
-185.327  -25.7473  -12.2282
-191.655  -17.9926  -5.48097
-190.919  -17.6331  -9.4756
-189.904  -19.2816  -11.8687
-196.508  -20.1016  -5.90856
-195.383  -21.5224  -2.95105
-196.23  -25.2895  -1.78103
-197.94  -25.2136  -5.22409
-194.85  -28.9067  -1.98014
-196.051  -30.6905  -5.06707
-197.723  -27.0619  -8.91729
-196.564  -26.7022  -11.7858
-195.435  -21.2104  -10.9892
-196.216  -20.3532  -8.48459
-194.552  -32.3249  -7.3088
-194.176  -31.5666  -9.89048
-191.434  -28.7757  -11.0394
-188.687  -28.7022  -11.2134
-193.322  -26.6188  -11.8139
-184.886  -21.8137  -13.1343
-183.003  -25.5115  -13.2677
-190.552  -20.7426  -12.199
-195.725  -26.5578  -12.6356
-194.725  -22.1693  -11.921
-193.473  -30.1413  -11.2577
-188.357  -30.6341  -11.2673
-183.465  -28.6074  -12.4401
-186.766  -22.0532  -12.3087
-184.344  -24.5503  -12.785
-190.936  -21.4824  -11.8651
-194.613  -25.8849  -12.1587
-193.734  -21.812  -11.8438
-192.441  -29.3849  -11.0306
-189.546  -29.8048  -10.8598
-185.336  -28.0131  -11.8302
-186.159  -27.4807  -11.7546
-192.952  -23.084  -11.885
-121.297  -2.75223  -0.0897339
-116.014  -2.76842  -7.36985
-84.0527  -17.5335  -15.6542
-121.607  3.77921  4.46365
-121.138  10.3134  5.49528
-122.267  16.1564  3.66784
-124.245  -1.27594  -0.724507
-119.649  -1.96989  -6.29861
-116.877  0.725956  -12.7815
-117.551  14.7503  -14.0158
-114.754  7.75755  -17.1243
-127.338  3.08415  3.8831
-125.161  10.2097  5.27384
-128.414  16.3332  2.53564
-126.592  -1.15292  -0.805075
-125.468  -0.900283  -7.73096
-123.956  3.86002  -15.4566
-124.828  14.813  -14.8072
-122.781  9.67274  -17.3742
-136.642  2.80015  4.08444
-135.558  9.39463  6.00989
-139.322  15.6358  3.32521
-131.434  -0.617991  -0.815413
-136.292  -0.290252  -7.87453
-133.819  3.06418  -13.8761
-134.154  14.4549  -14.3548
-131.37  8.92244  -16.7844
-145.894  4.74591  4.22222
-145.945  10.6836  5.23672
-148.321  14.7989  2.86673
-144.649  -0.29759  -1.90013
-151.478  1.77134  -12.2969
-151.081  -1.09567  -6.99543
-145.827  -0.359196  -8.85646
-144.129  2.91681  -13.239
-144.485  14.0869  -13.5559
-141.824  8.4871  -15.5237
-124.062  19.2766  -3.07492
-122.282  20.699  -0.510093
-128.67  19.1646  -3.93934
-136.486  18.6553  -2.87353
-147.556  18.2955  -2.48356
-120.907  17.7013  -9.41376
-116.882  19.8121  -8.3787
-126.582  18.2112  -9.34074
-135.406  17.9421  -9.04506
-145.744  17.9071  -8.71552
-151.087  3.3974  2.45675
-151.01  9.62392  4.17449
-152.829  15.2879  1.26463
-151.385  -0.459925  -1.72551
-152.538  18.5729  -3.24525
-155.356  2.47345  1.58875
-156.185  8.68006  3.37911
-158.193  14.0748  1.79945
-156.985  -0.597516  -2.82008
-166.781  0.632221  -10.0247
-167.455  -0.080347  -3.88686
-157.746  -0.423719  -8.45697
-158.445  3.0529  -13.2623
-166.889  4.20285  -14.1912
-151.684  8.29415  -14.7863
-152.026  15.0105  -12.6603
-158.798  13.4688  -13.5582
-160.454  8.18443  -15.1551
-157.272  17.6987  -2.87859
-152.317  18.2771  -7.6607
-158.286  17.2554  -9.05541
-163.959  3.34741  1.35653
-166.3  9.10946  2.65175
-166.774  14.1926  0.685222
-167.042  17.0326  -4.0844
-174.461  4.14624  0.812955
-174.551  9.51022  1.92377
-175.64  13.6208  -0.186063
-176.371  0.388164  -3.22754
-175.89  0.10598  -8.4706
-174.999  3.20437  -13.2554
-167.118  12.0103  -14.3729
-175.545  12.7091  -13.5221
-173.481  7.85402  -15.0645
-166.998  8.03449  -15.5079
-176.063  16.4364  -4.83791
-168.104  16.091  -9.90376
-177.568  16.0235  -9.67371
-179.52  3.57393  0.00943298
-178.786  8.56672  1.29142
-180.056  13.2979  -0.657658
-179.92  0.133022  -4.10881
-180.836  -0.244507  -8.46226
-180.752  2.05988  -12.4274
-181.413  13.532  -12.8181
-180.886  7.61822  -14.64
-180.767  16.2532  -5.06044
-181.787  16.2211  -9.2798
-183.783  3.30014  -0.214632
-182.447  8.30683  1.13822
-184.33  13.1296  -0.811231
-184.446  -0.0832352  -4.3821
-185.635  -0.0314507  -9.56674
-185.32  3.44365  -13.6985
-186.414  11.9622  -13.6649
-185.615  7.38538  -14.9509
-185.188  16.0575  -5.43037
-185.865  15.6327  -10.1067
-190.407  2.30754  -0.90569
-191.48  7.7827  0.480888
-192.183  13.5045  -2.07217
-192.354  -0.531558  -4.71428
-192.31  -0.922208  -9.15474
-190.278  1.43093  -12.382
-191.824  12.6143  -13.3623
-189.198  7.12338  -14.4606
-192.426  15.8599  -6.59201
-192.35  15.1013  -10.858
-198.304  2.86169  -0.813089
-199.44  7.26184  0.559579
-199.661  11.1028  -1.00492
-200.302  -0.570325  -4.40775
-198.45  -1.47679  -8.10055
-197.205  -0.15173  -11.2104
-200.443  14.4166  -5.0863
-199.341  15.2674  -9.42993
-198.231  13.756  -12.2685
-206.306  11.6933  -5.93263
-204.785  10.7338  -3.13056
-203.97  6.83642  -1.25199
-207.375  6.43011  -4.48426
-204.226  2.45575  -2.57399
-205.66  1.19098  -5.16568
-207.68  6.2562  -8.53726
-206.765  6.21551  -11.8528
-204.763  12.2854  -11.0405
-205.086  13.4071  -8.62186
-204.311  -0.405035  -7.64604
-204.154  0.513032  -10.1395
-193.448  10.7748  -14.0039
-191.555  6.50923  -14.3825
-198.741  12.3104  -13.0439
-205.78  6.26342  -13.0244
-203.973  10.9963  -12.4814
-203.158  1.73879  -11.6203
-197.149  1.22557  -12.1739
-192.674  2.74896  -13.3764
-195.002  10.3201  -13.454
-192.752  7.5237  -13.8465
-199.076  11.5775  -12.6646
-204.844  6.29407  -12.1644
-202.669  11.1707  -12.2628
-203.181  1.8954  -11.2535
-198.608  1.88211  -11.7362
-193.637  3.88905  -13.1237
-193.774  6.93236  -12.9251
-195.32  3.99597  -12.2269
-202.141  2.97607  -11.537
-203.661  6.31312  -11.9069
-202.149  9.73507  -12.1125
-195.199  9.36081  -12.7767
-73.611  -15.2992  -17.4461
-64.1263  -13.0869  -18.7739
-54.8733  -10.8311  -19.6701
-45.7054  -8.53291  -20.3652
-36.6227  -6.04963  -21.3378
-27.5939  -3.83092  -22.1682
-17.1474  -1.94403  -22.0499
-122.773  22.9193  1.01774
-118.526  23.1639  -6.64426
-123.68  27.2261  4.58152
-120.544  34.9196  6.98902
-120.348  41.9612  4.56573
-124.892  23.6542  0.189798
-122.937  23.9298  -5.59483
-120.205  27.0024  -13.0386
-116.372  40.9173  -12.3082
-115.031  34.0862  -15.6917
-128.885  28.2815  4.81601
-126.968  33.7101  7.36891
-126.809  41.4012  6.04689
-128.222  24.9537  -1.05514
-127.613  25.6901  -9.22327
-126.512  28.3463  -13.7635
-124.507  41.9315  -11.3008
-124.423  34.739  -14.5716
-137.191  30.998  5.78174
-136.589  37.1937  8.01029
-137.536  42.8561  6.89761
-137.46  27.6067  -0.0406921
-136.885  27.9251  -6.70942
-133.998  30.7055  -12.4091
-134.713  43.3405  -10.0817
-134.957  37.5881  -12.8765
-146.553  33.892  5.97033
-145.631  39.4805  7.49221
-146.026  44.528  5.40481
-146.457  29.7097  0.953159
-152.578  34.7605  -10.4137
-151.684  30.8345  -6.19339
-146.095  29.3437  -4.93832
-145.082  33.5084  -10.5181
-144.084  44.7252  -9.57994
-143.385  39.9539  -11.9551
-118.536  44.287  -0.574226
-113.28  43.6423  -0.110431
-125.242  45.2362  0.401169
-136.594  46.3067  1.68199
-146.799  48.1697  0.676548
-117.105  44.1566  -6.87901
-111.098  43.7048  -6.37906
-124.615  45.1828  -5.99836
-134.975  46.3305  -4.95141
-144.603  47.8057  -4.60395
-151.472  32.5182  3.51609
-151.081  39.2691  6.30005
-150.464  46.0381  3.98354
-151.114  29.796  -1.493
-150.135  48.8525  0.366629
-154.894  34.5323  4.58869
-155.89  38.968  6.15752
-154.748  44.314  5.17582
-155.991  31.3198  -0.621949
-164.771  33.5818  -6.47527
-163.933  32.6218  -1.97351
-157.766  32.3679  -6.68665
-157.52  35.8789  -10.6861
-163.137  36.1464  -9.91263
-150.069  40.6171  -11.6562
-149.982  46.3852  -8.80229
-155.353  45.7668  -9.77118
-156.132  40.5159  -11.742
-153.944  48.5569  0.46875
-149.983  48.8941  -3.70359
-154.741  48.8265  -5.2234
-162.499  35.1572  3.50893
-162.483  40.7977  5.69379
-161.878  46.1471  3.80259
-161.68  49.1186  -0.710784
-169.312  37.747  4.24347
-168.256  42.5128  4.9349
-168.434  46.7969  2.85187
-170.04  34.2767  0.504844
-170.589  34.1301  -4.83292
-169.323  36.8358  -9.2183
-161.868  45.0854  -10.3642
-168.202  46.4074  -9.45455
-167.137  41.3842  -11.0574
-161.556  40.2776  -11.6006
-168.411  49.5766  -1.2764
-162.435  48.8328  -6.06355
-169.549  49.5039  -5.72837
-172.759  37.3261  3.27202
-171.778  42.6045  4.26473
-171.499  47.5277  2.21027
-173.64  34.4734  -0.455821
-174.607  34.4096  -4.51471
-174.223  36.9639  -8.48346
-173.163  47.1752  -8.89716
-172.078  41.8588  -10.5576
-172.037  49.8556  -1.32044
-172.899  50.0749  -5.22479
-176.591  37.6028  3.2797
-175.008  41.6268  4.4991
-175.136  46.7988  2.91312
-177.687  34.8505  -0.443915
-178.928  35.1831  -5.25336
-178.612  38.0614  -9.00306
-178.255  47.3069  -9.06713
-176.493  42.288  -10.3886
-176.029  50.1286  -1.35071
-176.789  50.0778  -5.8208
-183.048  37.8207  2.96996
-183.275  43.0318  4.13813
-182.048  48.2731  2.34712
-184.672  35.7109  -0.419005
-186.474  35.6099  -4.32853
-183.963  37.4664  -7.77696
-183.48  48.173  -8.74059
-181.872  42.836  -9.77863
-183.987  50.7473  -1.74917
-183.531  50.4792  -6.32094
-189.855  39.4555  2.34337
-192.201  43.9406  2.8628
-189.096  48.0281  1.99632
-191.579  37.119  -1.06942
-192.765  36.7735  -3.90471
-191.674  37.7193  -6.38951
-187.857  45.5327  -8.1705
-190.354  46.5477  -7.18915
-190.544  43.769  -7.69918
-187.411  43.4803  -8.40209
-191.064  50.6516  -1.45323
-190.812  51.0791  -4.77838
-189.627  49.8432  -7.42472
-195.236  49.6475  -2.79946
-194.821  47.6011  0.0149223
-196.497  44.4822  0.410651
-197.687  44.6495  -2.51522
-195.498  41.1647  0.150392
-196.205  39.331  -2.41137
-198.078  44.7407  -5.45057
-197.447  45.1303  -7.20475
-195.382  49.0039  -6.3723
-196.271  49.0344  -4.73038
-196.707  39.7787  -4.61763
-196.86  40.8125  -6.39216
-192.793  41.5015  -6.69251
-190.453  40.9594  -7.26495
-193.721  43.7289  -7.30057
-185.565  46.6333  -9.07847
-184.451  43.1306  -9.77177
-190.374  48.6007  -7.84256
-196.465  43.5396  -7.54355
-194.889  48.0149  -7.28677
-195.02  39.8419  -6.6415
-191.466  39.0977  -7.21781
-186.372  39.8447  -8.64613
-187.096  46.6659  -8.37571
-186.077  43.3348  -8.63166
-190.36  47.6596  -7.37683
-195.133  45.0995  -7.49769
-193.64  47.9196  -6.95395
-194.357  41.2253  -6.80527
-191.616  39.942  -6.83069
-188.093  40.3229  -7.86807
-187.933  41.7819  -8.07254
-192.936  46.5024  -7.04318
-107.39  43.6794  0.936288
-104.347  43.9513  -5.54866
-101.674  44.148  1.91253
-95.894  45.6031  -4.67617
-97.0313  45.2725  2.98632
-94.7681  45.5194  4.93262
-92.7288  46.3657  5.28078
-88.8872  48.5608  5.51983
-82.6728  53.6709  5.34202
-79.7937  54.7052  8.60317
-82.8658  49.6762  8.74226
-88.2711  50.1839  1.69747
-80.5865  54.697  1.8062
-83.7396  47.8897  -8.0654
-71.3327  50.8561  -9.76503
-102.313  30.0481  9.31684
-105.64  33.1926  8.85795
-104.397  24.7884  8.98353
-101.692  16.5337  8.94737
-85.0973  77.8284  0.371639
-88.1147  84.9751  -0.772078
-80.8986  82.2933  -4.99646
-83.4873  87.2656  -3.52022
-84.0379  81.2197  -2.60142
-80.9471  79.2574  14.7604
-85.7318  83.3417  15.1788
-75.4275  82.6366  16.2714
-80.5377  87.0566  17.0995
-69.7142  86.8092  14.6056
-74.9015  90.8367  16.1934
-93.8865  86.352  11.9297
-90.5063  87.1355  16.2407
-85.8526  91.596  18.9141
-95.722  87.4249  5.76992
-92.3912  89.1516  0.516196
-86.6401  92.4457  -1.76259
-75.5074  93.6412  2.77071
-78.5508  97.7304  5.25957
-81.451  95.5088  -0.0453861
-79.6123  91.45  -2.24009
-80.0287  95.3453  17.8867
-73.3138  93.8147  10.6234
-77.3692  97.6617  12.8233
-96.709  89.4889  12.2801
-92.3322  91.1416  17.6968
-87.6494  94.848  20.1653
-98.6807  90.4626  6.22517
-95.8101  92.4862  1.15899
-90.7112  96.3735  -0.608067
-81.3505  101.745  7.34232
-84.5704  98.9443  1.00607
-83.7736  98.6419  19.5265
-80.7519  101.349  14.5415
-99.6949  92.7931  12.749
-95.8886  93.1328  17.653
-90.554  97.4596  20.8208
-101.552  93.8101  7.21454
-99.6381  95.5473  2.49742
-95.1499  100.002  0.859698
-84.5337  105.695  9.79965
-87.9731  102.772  3.07908
-86.828  102.693  20.7539
-84.3918  105.666  16.5499
-103.789  99.6754  12.4643
-99.2766  99.5406  18.494
-94.7699  105.045  21.2587
-104.571  100.115  6.62623
-102.546  102.223  2.8988
-99.6064  105.478  2.00065
-87.9072  110.47  12.2334
-91.7249  106.947  4.90067
-90.4779  109.019  20.2956
-89.1791  112.287  16.8971
-106.752  106.374  11.2197
-103.571  109.092  17.0612
-98.091  111.864  20.2736
-107.003  107.524  7.04003
-105.653  109.131  4.21211
-103.695  111.46  3.24668
-94.7221  112.411  9.74848
-96.0983  115.255  11.2052
-98.6352  114.472  8.57442
-97.1284  110.319  6.8192
-95.2319  115.279  19.0376
-94.1476  117.904  16.0976
-91.6733  115.79  13.3677
-99.1854  119.7  16.3689
-101.936  116.706  17.2948
-105.5  115.647  14.9517
-104.811  118.888  12.0639
-107.403  112.978  11.4367
-107.773  113.922  7.85355
-103.311  120.91  9.25505
-101.693  121.228  7.16438
-97.1532  120.804  11.9132
-99.2307  121.282  13.7806
-106.487  115.908  6.40958
-104.91  117.483  5.41883
-68.8831  89.8798  7.59285
-71.5604  88.7497  -1.06642
-77.1664  86.0084  -5.29984
-102.233  115.662  7.18932
-100.932  112.508  6.23195
-100.903  118.202  8.52781
-91.2154  111.94  9.60304
-93.8264  108.902  4.8647
-94.0194  117.054  11.2585
-101  120.782  6.41559
-98.1303  120.989  9.60044
-103.315  116.561  4.85266
-101.864  111.308  3.26689
-98.2797  107.933  2.61507
-93.106  112.827  10.1612
-94.1149  110.039  7.09619
-95.118  115.824  11.0565
-100.94  119.483  7.45353
-97.8744  119.41  10.3264
-102.905  116.077  6.17803
-101.815  112.091  4.66457
-98.2891  109.028  4.3568
-99.4702  109.629  5.18493
-97.9607  117.834  10.7548
-80.3564  66.5259  5.0774
-79.3171  69.3228  0.817338
-79.698  75.2713  -3.42823
-77.0632  79.4356  -6.16443
-76.8351  73.6475  14.743
-77.2467  66.822  12.2353
-69.6867  77.7622  15.8708
-79.779  65.1407  8.64664
-64.1601  83.4456  12.9363
-63.4827  86.4027  4.65177
-65.1006  84.8743  -3.20932
-71.8586  82.1748  -6.22766
-79.4624  58.9624  5.87899
-77.3131  60.5204  2.04818
-74.2169  64.5213  -2.07588
-71.736  73.7737  -6.76491
-69.8472  65.8077  15.773
-75.1046  60.8342  11.9627
-61.6525  74.4014  15.4835
-52.952  72.3786  14.1973
-55.8825  62.1184  18.9006
-57.7209  80.1267  10.7497
-57.6211  82.4524  1.28437
-60.1108  81.0472  -5.48164
-66.5236  79.3745  -7.36295
-68.552  57.9276  16.2911
-59.1447  52.4469  20.793
-70.2474  51.2898  16.5372
-48.9956  51.2089  22.7724
-44.811  57.3614  20.0373
-43.4591  65.782  -1.25229
-38.5393  56.9538  -5.36189
-35.2088  56.2688  -4.07288
-35.7074  59.0036  -0.999589
-49.0784  61.1912  -7.54081
-40.6262  54.4574  -7.54351
-58.4022  52.3048  -10.7705
-30.8553  53.1634  -3.79032
-28.6896  53.7434  -0.362113
-25.3782  49.3298  -3.57526
-20.5998  45.5736  -3.39755
-17.7343  45.6789  -0.799695
-22.9234  49.0514  -1.40862
-39.7853  64.6282  5.90419
-32.943  58.7436  4.94223
-34.5952  58.9329  12.0208
-43.7932  64.2651  14.2974
-39.6234  48.0358  23.1052
-29.6081  44.4045  21.0948
-36.2536  55.0392  18.3794
-28.1772  51.8595  15.0735
-28.5371  55.135  9.65001
-27.2905  54.3915  4.68545
-22.1802  39.7383  18.3835
-19.5824  34.7605  17.9408
-21.7576  46.025  13.9743
-16.0897  40.4044  12.7214
-22.98  50.66  8.86072
-16.6206  45.5657  7.34311
-21.8535  49.9462  2.75465
-15.8923  45.5579  2.49588
-49.3514  74.3021  6.44025
-64.0035  62.2323  -7.3219
-60.0277  73.8492  -7.64845
-78.2373  58.8336  9.14796
-19.5325  -6.40005  16.1502
-18.0381  -16.4414  13.1184
-16.1148  -23.9022  6.53739
-13.6472  -25.5369  3.05315
-6.94541  -25.0081  -7.73223
-9.65317  -26.8564  -1.21496
1.55981  -14.3273  -17.2375
-3.23245  0.877563  -20.1011
-0.747612  9.44366  -19.2177
-11.6922  22.8061  -19.5204
-21.1303  18.4927  20.1103
-23.0006  14.0051  20.412
-19.9913  24.4459  19.6246
-23.2151  0.448712  18.3571
-2.47951  -7.52002  -18.9591
-8.81888  40.0466  0.628329
-14.6875  41.8137  -3.53978
-8.44357  36.813  -5.62322
-18.4219  30.8149  17.9683
-8.10286  35.7074  13.591
-7.41092  30.7344  17.0747
-8.07153  39.2176  9.29366
-9.99457  41.3831  4.92974
-15.7627  -8.45055  15.8289
-14.1372  -19.6376  11.0594
-18.5079  14.0074  20.2344
-19.4231  8.3565  20.0863
-24.7625  9.9526  20.0807
-18.2733  19.5304  19.6322
-16.5054  25.622  18.5481
-16.3013  -2.54224  18.0025
-15.0547  33.0434  16.0813
-9.43612  25.4677  18.9862
-11.2718  17.3572  20.6628
-9.90805  7.82335  22.6364
-11.388  2.79846  21.8024
-10.8559  -11.727  17.2931
-11.5102  -4.78091  19.758
-8.94051  -20.1726  12.9796
-9.48122  -25.2472  5.77748
-80.4591  31.0616  10.1066
-76.1238  55.4143  -3.53246
-86.6964  50.0451  -2.59532
-76.077  55.509  12.0295
-78.0882  50.219  11.8523
-64.4276  30.183  16.8144
-24.2786  5.9333  19.5095
-17.2052  2.18467  19.5409
-12.4407  -0.841641  20.8335
-198.233  3.03393  -11.5566
-197.819  10.3387  -12.4699
-198.215  6.52678  -11.9278
-93.2935  47.6004  2.54718
-93.4361  47.6729  -0.563759
-8.09262  -20.0015  -13.4652
-6.28671  -14.1354  -17.1226
-14.1773  36.2493  -11.8644
-28.672  36.9812  -14.3922
-22.092  33.5909  -15.8396
-14.3034  30.7747  -15.9897
-52.6445  75.4489  -2.80063
-39.0612  51.4115  -8.65609
-34.6026  47.0215  -9.97162
-28.1326  41.7899  -11.743
-21.6801  37.6233  -13.6331
-17.4453  34.9449  -15.0767
-191.218  11.9482  -11.4103
-189.362  10.3999  -11.8184
-192.66  9.87346  -12.305
-195.531  12.0924  -11.6567
-198.7  9.26172  -13.0677
-200.64  11.8716  -11.9537
-203.026  10.0267  -12.9304
-202.903  12.1603  -11.9332
-189.076  7.31297  -12.0509
-193.338  6.65794  -12.6617
-198.262  5.85867  -13.3257
-202.823  6.03772  -13.3647
-189.562  3.84772  -11.3265
-190.952  1.8011  -10.3474
-195.169  1.17707  -10.5787
-193.657  3.48298  -11.8945
-200.491  0.624101  -10.7453
-199.076  3.0258  -12.4416
-202.906  0.242821  -10.6356
-202.713  2.15474  -12.111
-190.225  11.491  -12.2027
-194.022  12.0017  -12.4062
-192.427  9.72857  -13.2707
-188.991  9.59654  -12.6617
-199.502  12.0335  -12.736
-198.441  9.18356  -14.0686
-203.138  12.1536  -12.712
-202.936  9.89754  -13.9348
-193.246  6.60355  -13.6518
-189.375  7.34212  -12.9358
-198.153  5.75484  -14.3383
-202.772  5.93163  -14.3775
-189.291  4.44315  -12.292
-193.404  3.47645  -12.8862
-193.68  1.3343  -11.3668
-190.003  2.23147  -11.2444
-198.76  2.956  -13.4657
-198.948  0.677429  -11.6528
-202.504  2.11801  -13.1431
-202.049  0.189214  -11.4299
-194.512  12.6727  -11.6609
-190.391  12.0183  -11.6225
-200.429  12.5512  -11.8706
-203.496  12.4174  -12.0956
-204.815  11.6505  -12.3169
-205.691  9.21722  -13.1502
-206.464  9.03335  -13.5267
-205.339  11.6519  -12.6463
-206.248  5.87939  -13.412
-206.619  5.81484  -13.8472
-205.367  2.62425  -12.4298
-204.481  0.627775  -11.0444
-204.768  0.364432  -11.1194
-206.12  2.63421  -12.8135
-205.8  8.40496  -14.0923
-205.258  11.1175  -13.263
-205.983  5.81111  -14.2733
-204.476  0.603468  -11.792
-205.51  3.22968  -13.554
-202.524  -0.0829105  -10.6941
-193.976  0.765899  -10.4713
-199.453  0.148218  -10.6268
-190.029  1.80809  -10.5422
-188.434  3.96208  -11.5303
-188.209  7.0519  -12.3439
-188.618  9.99774  -12.1278
-182.427  46.9202  -6.9197
-181.572  44.7603  -7.4816
-185.313  45.1935  -7.79183
-185.978  47.9222  -6.92979
-190.356  45.7744  -8.0837
-191.398  48.5599  -6.94601
-193.854  46.4969  -7.76585
-193.584  48.9863  -6.73513
-181.281  41.2985  -7.42946
-184.447  41.5812  -7.62938
-189.581  41.9087  -7.9662
-193.552  41.9508  -7.68474
-182.807  39.3943  -6.85556
-186.5  39.0762  -6.77694
-191.667  39.4698  -6.65006
-193.732  39.2257  -6.33194
-182.301  46.8722  -7.62419
-185.937  47.6699  -7.90984
-185.279  45.0951  -8.79107
-181.474  43.9786  -8.35793
-190.175  48.4085  -7.90289
-190.227  45.7162  -9.12564
-192.873  48.9471  -7.56274
-193.751  46.4006  -8.78067
-184.429  41.501  -8.61346
-181.464  41.138  -8.25708
-189.472  41.8723  -8.9699
-193.52  41.9306  -8.66763
-186.377  39.2758  -7.73144
-182.759  39.3114  -7.55819
-190.832  39.2622  -7.38298
-193.994  39.2142  -6.97536
-185.457  48.3541  -7.10377
-181.952  47.1514  -7.02498
-190.411  49.0586  -6.99088
-193.214  49.3191  -6.88183
-195.036  48.6357  -6.88682
-196.128  46.9446  -7.59575
-196.619  46.4222  -7.95421
-195.26  48.9062  -6.9795
-196.314  42.9124  -7.6445
-196.887  42.5844  -8.00472
-195.458  39.8522  -6.5396
-195.967  39.8269  -6.79919
-196.361  45.9421  -8.50687
-195.074  48.5476  -7.60301
-196.148  42.9074  -8.58315
-195.876  40.3134  -7.51067
-194.299  38.8986  -6.34124
-186.198  38.5277  -6.91293
-191.555  38.6648  -6.46241
-182.506  39.051  -6.97896
-180.874  41.1853  -7.80817
-180.675  44.602  -7.75803
-180.613  -20.4803  -10.6456
-179.012  -22.9752  -11.0562
-183.29  -22.8921  -11.693
-184.042  -20.24  -10.9571
-188.498  -22.7812  -12.3318
-190.009  -20.6715  -11.4496
-192.769  -23.58  -12.4789
-193.674  -20.9361  -11.5352
-178.35  -27.2584  -10.3563
-181.669  -27.0749  -10.9663
-188.064  -27.3108  -11.8683
-192.784  -28.7449  -11.8559
-179.589  -29.0895  -9.50874
-183.479  -30.09  -9.70487
-189.579  -30.8632  -10.2487
-192.155  -31.3486  -10.2702
-180.568  -20.4834  -11.3265
-185.186  -20.3884  -11.8323
-183.289  -22.9958  -12.6696
-179.223  -23.0637  -11.9888
-190.246  -21.0451  -12.4124
-188.526  -22.9139  -13.3273
-192.929  -20.9304  -12.2087
-192.683  -23.6979  -13.4478
-181.581  -27.0917  -11.955
-178.192  -26.2856  -11.3816
-187.915  -27.3936  -12.8611
-192.691  -28.7673  -12.8394
-183.394  -29.9181  -10.6897
-179.45  -29.1102  -10.2028
-188.408  -30.7993  -10.9577
-191.929  -31.558  -10.8603
-184.271  -19.7013  -10.992
-180.191  -20.153  -10.7027
-189.772  -20.216  -11.5745
-193.307  -20.5456  -11.6389
-195.033  -21.7015  -11.8553
-195.523  -24.8074  -12.714
-196.021  -24.4873  -13.1895
-195.311  -21.4613  -11.9839
-194.931  -29.3245  -12.0112
-195.419  -28.775  -12.5629
-193.556  -31.2801  -10.5952
-193.894  -31.4212  -10.8988
-195.3  -24.8779  -13.6114
-194.993  -21.7584  -12.5551
-195.224  -28.3057  -13.1455
-193.999  -30.8865  -11.6822
-191.922  -31.8413  -10.1703
-183.015  -30.6296  -9.6893
-188.47  -31.4588  -10.0087
-179.204  -29.3635  -9.51327
-177.766  -26.662  -10.7304
-178.268  -22.527  -11.3717
-152.829  -52.4225  -1.59146
-150.804  -53.7397  -1.6583
-153.944  -54.8961  -1.89835
-156.67  -53.3104  -1.79164
-159.149  -56.9793  -2.28619
-161.909  -55.5255  -1.94042
-163.268  -58.364  -2.35869
-164.246  -56.0593  -1.98746
-150.325  -56.4718  -1.00003
-153.976  -58.1079  -1.27
-159.096  -60.2639  -1.56788
-162.563  -61.9508  -1.43098
-150.671  -58.495  -0.0308111
-154.036  -60.428  0.068825
-159.358  -62.4739  -0.072891
-161.446  -63.6556  0.113104
-152.739  -52.4835  -2.2724
-155.901  -53.1153  -2.49933
-154.606  -55.0922  -2.85898
-151.018  -53.8919  -2.48284
-160.425  -55.2212  -2.77901
-159.307  -57.7231  -3.32637
-164.308  -56.2618  -2.70497
-163.116  -58.5926  -3.34774
-154.323  -58.73  -2.11301
-150.401  -56.0625  -1.98267
-159.641  -60.4187  -2.80116
-162.411  -62.0679  -2.43501
-153.191  -60.3501  -0.621207
-150.457  -58.604  -0.682664
-157.911  -62.0907  -0.984401
-161.233  -63.7513  -0.654797
-156.386  -52.7528  -2.07225
-152.583  -52.0862  -1.77907
-161.946  -54.8157  -2.07554
-164.826  -55.9778  -2.20716
-165.461  -57.0107  -2.19267
-165.35  -59.8638  -2.45545
-165.806  -59.8531  -2.95236
-165.804  -57.1771  -2.52998
-164.361  -62.8554  -1.52502
-164.812  -62.6543  -2.05478
-163.022  -63.9963  -0.228926
-163.505  -64.2018  -0.561915
-165.111  -60.0524  -3.29669
-165.533  -57.7012  -3.01921
-164.651  -62.3361  -2.62088
-163.203  -64.0059  -1.06674
-161.94  -64.2069  -0.0128258
-153.296  -60.6733  0.0138275
-158.793  -62.9631  0.1265
-150.113  -58.5767  -0.0784252
-149.43  -56.1488  -1.27186
-150.381  -53.6401  -2.02611
-91.1158  111.387  10.7077
-91.822  108.698  7.89037
-94.4224  112.773  7.87463
-93.1164  115.503  11.4761
-96.2412  117.929  9.17441
-95.3175  119.065  11.9257
-98.6078  120.653  8.65847
-96.8519  120.54  11.17
-95.3946  107.587  5.15112
-98.4863  111.214  4.80892
-99.7934  116.347  5.80155
-101.642  119.555  5.9435
-98.736  107.398  4.01355
-101.491  110.427  3.96395
-102.899  114.154  4.62221
-103.572  117.172  5.06881
-90.4562  110.641  9.4635
-91.9693  114.619  10.747
-93.7235  112.913  7.14802
-91.3524  109.203  7.33155
-94.0604  118.332  11.5281
-96.1421  118.256  8.08221
-96.3455  120.837  10.6814
-98.8285  121.093  7.61489
-97.2266  110.853  4.07989
-94.0349  108.019  5.04761
-99.6803  115.221  4.46909
-101.029  119.102  5.22965
-100.262  110.083  3.39078
-97.2216  107.082  3.65919
-102.838  113.419  3.79316
-103.65  116.596  4.38273
-91.8922  114.853  11.9834
-90.3095  110.658  10.415
-94.4683  118.785  12.2702
-96.705  121.038  11.4116
-99.0122  121.495  8.36549
-102.432  119.436  5.35197
-104.44  116.39  4.68663
-103.718  113.581  4.1468
-101.376  109.7  3.57642
-98.0503  106.6  3.81974
-94.4241  106.638  4.95387
-91.2219  108.283  7.56505
